    1   68.16962    4.41717   -0.02200   66.76253  2331    0    0 001
    2   77.57731   22.14277   -0.07400   76.36928  2331    0    0 002
    3   99.67043   20.42668   -0.07200   98.03476  2331    0    0 003
    4   34.17088   16.46173   -0.05700   57.75022  2331    0    0 004
    5   51.80102   14.80842   -0.03000   49.90817  2331    0    0 005
    6   37.22322   35.89560   -0.16200   57.84130  2331    0    0 006
    7   86.45606   54.82940   -0.11900   96.34719  2331    0    0 007
    8    6.04640   58.08630   -0.02800   95.16099  2331    0    0 008
    9   42.90837   33.51562   -0.14700   51.69269  2331    0    0 009
   10   20.99871   28.60870   -0.20800   71.85045  2331    0    0 010
   11   14.55984    5.94202   -0.00800   78.69277  2331    0    0 011
   12    3.95741   27.09131   -0.07000   88.52856  2331    0    0 012
